Version: 1.3 Ursprung: Flex HRM Time
20250212	20250101	20250131
		44			3	750	20241101	20241101																
		44			3	250	20241101	20241101																
		44			3	350	20241101	20241101																
		44			3	450	20241101	20241101																
		44			3	550	20241101	20241101																
		44			3	650	20241101	20241101																
		44			3	750	20241101	20241101																
		44			3	850	20241101	20241101																
		44			3	950	20241101	20241101																
		44			3	150	20241101	20241101																
		44			3	250	20241101	20241101																
		44			3	350	20241101	20241101																
