Version: 1.3 Ursprung: Flex HRM Time
20250103	20240105	20240129
6349	705		1	80	80	AA2E36E7BC4B4CF79DC5	20230118																	
6329	702		2	82	82	AA2E36E222224CF79DC5	20220118																	
6339	735		3	83	83	AA233337BC4B4CF79DC5	20330318																	
6449	745		4	84	40	AA2E4447BC4B4CF79DC5	20430118																	
6549	755		5	85	50	A55E36E7BC4B4CF79DC5	20250118																	
6349	705		1	80	80	AA2E36E7BC4B4CF79DC5	20230118																	
6329	702		2	82	82	AA2E36E222224CF79DC5	20220118																	
6339	735		3	83	83	AA233337BC4B4CF79DC5	20330318																	
6449	745		4	84	40	AA2E4447BC4B4CF79DC5	20430118																	
6549	755		5	85	50	A55E36E7BC4B4CF79DC5	20250118																	
6349	705		1	80	80	AA2E36E7BC4B4CF79DC5	20230118																	
6329	702		2	82	82	AA2E36E222224CF79DC5	20220118																	
6339	735		3	83	83	AA233337BC4B4CF79DC5	20330318																	
6449	745		4	84	40	AA2E4447BC4B4CF79DC5	20430118																	
6549	755		5	85	50	A55E36E7BC4B4CF79DC5	20250118																	
6349	705		1	80	80	AA2E36E7BC4B4CF79DC5	20230118																	
6329	702		2	82	82	AA2E36E222224CF79DC5	20220118																	
6339	735		3	83	83	AA233337BC4B4CF79DC5	20330318																	
6449	745		4	84	40	AA2E4447BC4B4CF79DC5	20430118																	
6549	755		5	85	50	A55E36E7BC4B4CF79DC5	20250118																	
